-579.0
-285.0
-180.0
-201.0
-154.0
-154.0
-201.0
-243.0
-264.0
-243.0
-222.0
-243.0
-222.0
-243.0
-222.0
-201.0
-201.0
-222.0
-210.0
-222.0
-222.0
-222.0
-201.0
-243.0
-201.0
-201.0
-222.0
-242.0
-243.0
-243.0
-201.0
-243.0
-264.0
-222.0
-222.0
-243.0
-200.0
-201.0
-243.0
-159.0
-264.0
-243.0
-243.0
-201.0
-264.0
-222.0
-243.0
-222.0
-180.0
-243.0
-201.0
-242.0
-243.0
-243.0
-222.0
-221.0
-242.0
-222.0
-243.0
-243.0
-222.0
-180.0
-264.0
-243.0
-263.0
-226.0
-171.0
-70.0
-140.0
-192.0
-119.0
-117.0
-96.0
-106.0
-118.0
-182.0
-121.0
-106.0
-128.0
-182.0
-140.0
-119.0
-63.0
-162.0
-138.0
-163.0
-121.0
-139.0
-118.0
-52.0
-149.0
-95.0
-105.0
-64.0
-118.0
-184.0
-139.0
-138.0
-127.0
-94.0
-64.0
-117.0
-128.0
-106.0
-16.0
-109.0
-117.0
4.0
-106.0
-138.0
22.0
-75.0
-62.0
-17.0
-76.0
-94.0
-72.0
-73.0
-117.0
-82.0
-30.0
-72.0
-95.0
-76.0
-106.0
-98.0
-96.0
-62.0
35.0
-55.0
-75.0
-116.0
-96.0
-99.0
-121.0
-74.0
-30.0
-98.0
-41.0
-96.0
-105.0
-107.0
-127.0
-65.0
-105.0
-93.0
-29.0
-63.0
-42.0
-76.0
-78.0
-48.0
-120.0
-72.0
-127.0
-54.0
-74.0
-74.0
-114.0
-35.0
-68.0
-86.0
-63.0
-54.0
-94.0
-60.0
-116.0
-74.0
-51.0
-54.0
-28.0
-50.0
-118.0
-132.0
-126.0
-117.0
-52.0
-99.0
-107.0
-54.0
-62.0
-34.0
-64.0
-30.0
-42.0
-140.0
-128.0
-98.0
-94.0
-31.0
-77.0
-116.0
-77.0
-117.0
-50.0
-95.0
-115.0
-76.0
-76.0
-6.0
-75.0
-92.0
-118.0
-94.0
-118.0
-60.0
14.0
-41.0
-116.0
-53.0
-107.0
9.0
-53.0
-95.0
-96.0
-116.0
-52.0
-141.0
-83.0
-94.0
-117.0
-120.0
-94.0
-107.0
-85.0
-95.0
-72.0
-33.0
-66.0
-77.0
-19.0
-108.0
-126.0
-75.0
13.0
-50.0
-43.0
-83.0
-76.0
-96.0
-116.0
-18.0
-94.0
-61.0
-66.0
-74.0
-83.0
-64.0
-138.0
-94.0
-109.0
-85.0
-98.0
-76.0
-46.0
-52.0
-96.0
-95.0
-118.0
-86.0
-94.0
-55.0
-40.0
-98.0
-99.0
-140.0
-118.0
-107.0
-182.0
-95.0
-117.0
-28.0
-62.0
-118.0
-94.0
-138.0
-79.0
-96.0
-73.0
-33.0
-40.0
-94.0
-127.0
-82.0
-50.0
-116.0
-7.0
-43.0
-41.0
-34.0
-139.0
-126.0
-96.0
-94.0
-50.0
-47.0
-18.0
-149.0
-102.0
-117.0
-110.0
-152.0
-141.0
1.0
16.0
-68.0
-2.0
10.0
92.0
83.0
-7.0
-40.0
-18.0
7.0
-41.0
59.0
-60.0
-6.0
13.0
-32.0
-18.0
-14.0
51.0
-9.0
37.0
32.0
-2.0
-13.0
75.0
24.0
-9.0
-40.0
-41.0
13.0
-5.0
-33.0
-8.0
-38.0
104.0
14.0
-39.0
12.0
-56.0
-5.0
27.0
-98.0
-20.0
-72.0
28.0
-11.0
35.0
4.0
16.0
-6.0
-5.0
-45.0
-30.0
3.0
-82.0
-21.0
26.0
69.0
19.0
-26.0
14.0
6.0
-27.0
-94.0
-49.0
61.0
50.0
-97.0
-46.0
-16.0
-19.0
-17.0
0.0
-75.0
4.0
-48.0
-10.0
-39.0
105.0
63.0
42.0
49.0
111.0
72.0
72.0
69.0
17.0
52.0
36.0
93.0
-22.0
-33.0
-8.0
92.0
68.0
75.0
6.0
20.0
41.0
-10.0
84.0
25.0
63.0
49.0
48.0
68.0
6.0
46.0
86.0
8.0
24.0
38.0
78.0
-19.0
46.0
47.0
29.0
60.0
-19.0
26.0
-24.0
32.0
56.0
45.0
122.0
91.0
116.0
-27.0
-31.0
51.0
64.0
39.0
-5.0
79.0
-31.0
47.0
71.0
44.0
37.0
61.0
108.0
7.0
115.0
0.0
69.0
68.0
37.0
48.0
120.0
-20.0
65.0
-10.0
92.0
13.0
36.0
47.0
-11.0
-20.0
65.0
-5.0
79.0
159.0
82.0
76.0
30.0
73.0
-29.0
-10.0
70.0
112.0
60.0
28.0
-22.0
110.0
50.0
62.0
5.0
-31.0
16.0
58.0
14.0
131.0
5.0
52.0
-42.0
-19.0
125.0
36.0
-3.0
105.0
88.0
-9.0
45.0
49.0
106.0
28.0
-29.0
68.0
23.0
13.0
71.0
49.0
-19.0
62.0
89.0
49.0
40.0
-14.0
2.0
-23.0
38.0
78.0
16.0
-10.0
-10.0
10.0
-5.0
67.0
-28.0
39.0
-21.0
36.0
-17.0
11.0
-72.0
-57.0
-45.0
50.0
59.0
-6.0
-32.0
-12.0
-19.0
-5.0
9.0
-23.0
-47.0
-25.0
22.0
22.0
47.0
7.0
27.0
15.0
61.0
-10.0
-24.0
-6.0
6.0
20.0
57.0
-57.0
43.0
-4.0
-15.0
-40.0
82.0
-73.0
64.0
-19.0
-73.0
-11.0
18.0
-32.0
-55.0
-21.0
-20.0
23.0
-22.0
-78.0
18.0
17.0
25.0
-70.0
-26.0
-27.0
-10.0
-26.0
-53.0
-21.0
-22.0
-27.0
-11.0
62.0
-45.0
46.0
6.0
16.0
88.0
-32.0
-7.0
25.0
-109.0
-69.0
-8.0
-40.0
3.0
51.0
-12.0
15.0
17.0
-8.0
20.0
17.0
-29.0
41.0
55.0
-65.0
-1.0
-43.0
-20.0
61.0
-42.0
-55.0
40.0
12.0
-65.0
-8.0
15.0
-30.0
12.0
14.0
-6.0
60.0
14.0
-6.0
-30.0
74.0
-74.0
6.0
2.0
-4.0
-6.0
31.0
8.0
-13.0
-29.0
42.0
-9.0
0.0
23.0
23.0
40.0
-2.0
-57.0
-53.0
-53.0
-85.0
-18.0
-15.0
-37.0
18.0
-91.0
4.0
50.0
29.0
-9.0
30.0
-9.0
-4.0
-11.0
-61.0
-51.0
19.0
-6.0
-36.0
24.0
5.0
17.0
37.0
-40.0
3.0
82.0
80.0
-56.0
-44.0
-23.0
-15.0
-49.0
-43.0
16.0
3.0
5.0
-9.0
47.0
-101.0
-87.0
-25.0
-9.0
-110.0
36.0
-50.0
-35.0
-9.0
-22.0
-82.0
-36.0
26.0
-70.0
-10.0
57.0
46.0
31.0
2.0
-16.0
-46.0
-6.0
47.0
-6.0
-22.0
-44.0
-16.0
-31.0
51.0
3.0
3.0
-65.0
4.0
-23.0
53.0
-27.0
76.0
-45.0
26.0
-52.0
13.0
60.0
81.0
5.0
-49.0
-32.0
-17.0
-21.0
98.0
-8.0
62.0
-22.0
-41.0
3.0
-20.0
-3.0
-18.0
1.0
-89.0
-2.0
6.0
3.0
71.0
-57.0
5.0
-27.0
-15.0
-3.0
6.0
11.0
11.0
-19.0
12.0
-11.0
-36.0
23.0
-62.0
1.0
-6.0
39.0
-52.0
1.0
92.0
-40.0
-55.0
16.0
-40.0
37.0
54.0
-44.0
30.0
-8.0
-48.0
82.0
-22.0
21.0
29.0
-61.0
13.0
-31.0
37.0
30.0
19.0
-50.0
-86.0
57.0
70.0
39.0
-55.0
5.0
-23.0
-1.0
-11.0
4.0
-15.0
10.0
-65.0
38.0
-58.0
16.0
45.0
-64.0
-34.0
61.0
-72.0
79.0
26.0
19.0
15.0
35.0
-35.0
-14.0
-21.0
17.0
55.0
42.0
93.0
104.0
-68.0
-41.0
-18.0
-45.0
29.0
16.0
-91.0
-11.0
-65.0
-78.0
5.0
-8.0
-15.0
60.0
13.0
-7.0
-19.0
40.0
-49.0
10.0
-7.0
-73.0
-39.0
-19.0
-40.0
-40.0
19.0
20.0
12.0
33.0
64.0
-74.0
-61.0
-42.0
-6.0
-50.0
-22.0
31.0
-6.0
-62.0
-65.0
9.0
-19.0
23.0
20.0
-15.0
-15.0
-44.0
-5.0
-18.0
136.0
23.0
-66.0
-51.0
-67.0
-4.0
-18.0
-56.0
-61.0
-48.0
76.0
27.0
6.0
8.0
91.0
-8.0
-28.0
57.0
36.0
39.0
33.0
39.0
-40.0
-84.0
-16.0
-18.0
60.0
-55.0
51.0
-48.0
-7.0
-35.0
33.0
-32.0
-27.0
-6.0
-50.0
6.0
-26.0
0.0
-77.0
11.0
46.0
-44.0
19.0
0.0
-49.0
31.0
29.0
1.0
47.0
-5.0
26.0
-30.0
-2.0
62.0
-28.0
-47.0
41.0
174.0
-26.0
-30.0
33.0
61.0
-112.0
-75.0
-55.0
-48.0
124.0
22.0
2.0
28.0
-84.0
13.0
24.0
38.0
-16.0
-34.0
14.0
31.0
-85.0
69.0
86.0
62.0
5.0
28.0
-38.0
-44.0
94.0
-65.0
21.0
-65.0
-34.0
-4.0
11.0
-11.0
-100.0
113.0
0.0
-28.0
39.0
49.0
45.0
13.0
28.0
-19.0
26.0
-64.0
58.0
13.0
-31.0
52.0
-9.0
-54.0
17.0
-16.0
-18.0
102.0
39.0
35.0
-24.0
125.0
-44.0
-39.0
13.0
19.0
-14.0
-11.0
29.0
2.0
-10.0
-42.0
118.0
-56.0
33.0
-92.0
28.0
-73.0
-38.0
-30.0
-24.0
-64.0
1.0
14.0
-16.0
49.0
21.0
83.0
92.0
-32.0
11.0
-51.0
-9.0
-4.0
-11.0
-8.0
-50.0
-31.0
-45.0
38.0
-17.0
-7.0
48.0
-10.0
-53.0
36.0
-65.0
26.0
-9.0
79.0
24.0
23.0
15.0
-16.0
7.0
-8.0
4.0
-63.0
-64.0
-31.0
-32.0
48.0
53.0
0.0
-29.0
3.0
24.0
-18.0
17.0
-63.0
5.0
38.0
33.0
20.0
-31.0
35.0
57.0
-38.0
78.0
27.0
64.0
36.0
0.0
-46.0
-31.0
-20.0
-54.0
-54.0
-48.0
-3.0
17.0
58.0
-6.0
-66.0
-45.0
27.0
5.0
-36.0
-22.0
-81.0
-49.0
-33.0
12.0
-12.0
-29.0
-1.0
3.0
-43.0
60.0
26.0
-52.0
22.0
-6.0
-31.0
-34.0
-23.0
-30.0
37.0
7.0
-39.0
-52.0
61.0
82.0
-17.0
52.0
-65.0
-28.0
39.0
60.0
-8.0
28.0
50.0
37.0
-26.0
-22.0
-42.0
55.0
46.0
42.0
-8.0
-42.0
-9.0
-7.0
-30.0
-14.0
-54.0
44.0
-66.0
-9.0
-64.0
-8.0
11.0
57.0
-5.0
39.0
14.0
-68.0
-42.0
-121.0
-41.0
16.0
8.0
-71.0
-5.0
0.0
-39.0
30.0
32.0
-3.0
59.0
-23.0
18.0
-92.0
105.0
-16.0
3.0
-4.0
16.0
21.0
13.0
24.0
24.0
43.0
-29.0
-65.0
53.0
44.0
-47.0
46.0
3.0
0.0
-17.0
4.0
39.0
-19.0
16.0
-30.0
11.0
28.0
0.0
56.0
135.0
-94.0
101.0
30.0
150.0
30.0
19.0
61.0
-44.0
59.0
6.0
27.0
13.0
53.0
58.0
-43.0
-41.0
46.0
102.0
-35.0
4.0
16.0
107.0
5.0
53.0
71.0
83.0
26.0
139.0
71.0
123.0
61.0
139.0
52.0
125.0
51.0
53.0
74.0
173.0
67.0
82.0
54.0
123.0
74.0
51.0
42.0
26.0
96.0
3.0
21.0
126.0
32.0
61.0
64.0
29.0
101.0
38.0
36.0
54.0
53.0
53.0
83.0
40.0
107.0
-11.0
58.0
69.0
80.0
82.0
-9.0
57.0
106.0
32.0
62.0
35.0
4.0
28.0
53.0
48.0
86.0
24.0
54.0
60.0
-12.0
65.0
55.0
14.0
31.0
84.0
-11.0
-5.0
101.0
-34.0
64.0
-5.0
47.0
-9.0
33.0
0.0
27.0
-32.0
-19.0
6.0
-3.0
80.0
12.0
-64.0
21.0
45.0
-21.0
45.0
51.0
28.0
-11.0
-52.0
2.0
13.0
87.0
-23.0
41.0
140.0
-77.0
-64.0
-20.0
40.0
15.0
-54.0
47.0
-27.0
24.0
13.0
13.0
1.0
67.0
83.0
17.0
33.0
0.0
48.0
33.0
3.0
26.0
-16.0
-43.0
48.0
7.0
23.0
14.0
47.0
-51.0
4.0
43.0
10.0
20.0
61.0
24.0
42.0
-43.0
29.0
-78.0
97.0
15.0
58.0
-17.0
24.0
46.0
48.0
-70.0
49.0
-10.0
-43.0
-21.0
70.0
-33.0
-63.0
12.0
26.0
15.0
-7.0
34.0
-4.0
15.0
35.0
1.0
5.0
-4.0
60.0
107.0
-51.0
48.0
44.0
21.0
-54.0
45.0
15.0
8.0
4.0
29.0
-24.0
-13.0
35.0
-10.0
18.0
55.0
-7.0
-26.0
-21.0
62.0
-90.0
-39.0
-52.0
-8.0
-13.0
36.0
61.0
82.0
35.0
-8.0
43.0
68.0
89.0
-20.0
0.0
35.0
-36.0
-28.0
-2.0
-22.0
9.0
-56.0
78.0
-25.0
-59.0
-30.0
37.0
-40.0
59.0
-42.0
11.0
-18.0
39.0
-5.0
-48.0
-35.0
-47.0
43.0
-29.0
27.0
12.0
1.0
-66.0
41.0
-6.0
-16.0
-21.0
-31.0
-6.0
12.0
15.0
-13.0
1.0
-18.0
6.0
-16.0
49.0
28.0
-56.0
7.0
37.0
27.0
93.0
91.0
8.0
-39.0
-65.0
42.0
27.0
-20.0
-2.0
-40.0
-14.0
39.0
28.0
47.0
-53.0
13.0
-22.0
-18.0
4.0
13.0
-78.0
102.0
-66.0
-41.0
14.0
45.0
3.0
37.0
-34.0
-24.0
-30.0
29.0
-80.0
81.0
-32.0
-56.0
14.0
10.0
5.0
18.0
-18.0
-17.0
56.0
16.0
11.0
24.0
-76.0
-74.0
30.0
26.0
25.0
-16.0
114.0
19.0
-3.0
26.0
16.0
-54.0
-21.0
-6.0
-41.0
28.0
45.0
-27.0
20.0
71.0
20.0
11.0
60.0
34.0
23.0
16.0
-22.0
-49.0
-3.0
-14.0
7.0
23.0
-50.0
51.0
17.0
-73.0
13.0
54.0
39.0
71.0
-32.0
-10.0
-40.0
5.0
-32.0
33.0
68.0
-44.0
-42.0
43.0
-55.0
-82.0
4.0
-50.0
-7.0
-38.0
-22.0
66.0
13.0
-22.0
49.0
-17.0
28.0
14.0
-24.0
-15.0
-9.0
13.0
29.0
-46.0
-68.0
-22.0
94.0
-42.0
29.0
28.0
48.0
-34.0
39.0
3.0
38.0
48.0
59.0
-21.0
-79.0
-55.0
34.0
24.0
16.0
92.0
59.0
8.0
19.0
-6.0
13.0
55.0
115.0
94.0
46.0
97.0
32.0
90.0
152.0
-17.0
67.0
63.0
48.0
-5.0
-55.0
-18.0
7.0
69.0
141.0
25.0
16.0
106.0
39.0
103.0
-10.0
27.0
83.0
114.0
73.0
93.0
0.0
25.0
81.0
12.0
40.0
74.0
16.0
118.0
16.0
20.0
141.0
-1.0
34.0
-78.0
49.0
18.0
-9.0
66.0
15.0
38.0
2.0
98.0
24.0
88.0
85.0
87.0
37.0
63.0
44.0
53.0
65.0
55.0
33.0
31.0
171.0
78.0
97.0
16.0
47.0
92.0
96.0
100.0
132.0
96.0
14.0
85.0
26.0
44.0
37.0
15.0
-6.0
151.0
134.0
141.0
91.0
57.0
35.0
115.0
87.0
59.0
27.0
-6.0
63.0
36.0
24.0
52.0
5.0
71.0
57.0
47.0
18.0
62.0
-19.0
29.0
94.0
39.0
29.0
62.0
-58.0
61.0
95.0
-105.0
164.0
82.0
8.0
11.0
28.0
161.0
51.0
-5.0
48.0
29.0
37.0
19.0
27.0
95.0
11.0
70.0
15.0
3.0
65.0
16.0
117.0
84.0
95.0
49.0
14.0
154.0
20.0
-5.0
121.0
61.0
11.0
48.0
88.0
112.0
4.0
-9.0
46.0
-27.0
27.0
2.0
13.0
59.0
52.0
66.0
6.0
39.0
77.0
-31.0
14.0
52.0
68.0
62.0
58.0
62.0
-32.0
108.0
93.0
28.0
49.0
41.0
13.0
25.0
22.0
81.0
-19.0
9.0
29.0
48.0
121.0
62.0
10.0
54.0
51.0
41.0
-31.0
4.0
48.0
54.0
72.0
35.0
56.0
44.0
-9.0
107.0
50.0
0.0
53.0
8.0
23.0
38.0
47.0
15.0
21.0
30.0
-26.0
27.0
58.0
36.0
44.0
14.0
104.0
-19.0
56.0
60.0
12.0
9.0
47.0
14.0
45.0
-52.0
83.0
12.0
47.0
39.0
54.0
36.0
66.0
15.0
-9.0
79.0
71.0
59.0
-6.0
15.0
25.0
61.0
57.0
62.0
45.0
78.0
16.0
115.0
50.0
-18.0
63.0
-9.0
48.0
72.0
59.0
72.0
14.0
139.0
-2.0
81.0
50.0
41.0
62.0
76.0
12.0
26.0
27.0
64.0
58.0
3.0
84.0
16.0
85.0
54.0
107.0
92.0
-15.0
50.0
97.0
11.0
6.0
-82.0
37.0
38.0
12.0
-17.0
118.0
-1.0
109.0
26.0
49.0
38.0
87.0
34.0
15.0
69.0
-17.0
37.0
49.0
-35.0
38.0
105.0
51.0
109.0
2.0
12.0
13.0
4.0
55.0
-11.0
-17.0
33.0
28.0
40.0
34.0
155.0
37.0
54.0
17.0
21.0
93.0
23.0
40.0
102.0
-20.0
4.0
75.0
80.0
1.0
-8.0
-22.0
84.0
84.0
-17.0
1.0
33.0
69.0
38.0
106.0
22.0
-31.0
10.0
16.0
60.0
81.0
97.0
76.0
71.0
107.0
61.0
96.0
26.0
39.0
28.0
4.0
-8.0
26.0
112.0
9.0
37.0
71.0
89.0
2.0
96.0
-2.0
49.0
-21.0
16.0
63.0
3.0
94.0
119.0
65.0
94.0
30.0
33.0
23.0
97.0
109.0
41.0
43.0
123.0
93.0
-34.0
55.0
131.0
30.0
41.0
29.0
-19.0
-5.0
13.0
13.0
27.0
79.0
113.0
62.0
98.0
155.0
83.0
116.0
63.0
57.0
64.0
60.0
32.0
32.0
118.0
50.0
-13.0
4.0
-20.0
50.0
13.0
78.0
74.0
97.0
100.0
24.0
30.0
119.0
46.0
61.0
-11.0
82.0
21.0
-34.0
121.0
45.0
-15.0
67.0
-3.0
32.0
-16.0
26.0
25.0
10.0
-2.0
16.0
102.0
-14.0
46.0
52.0
55.0
49.0
27.0
35.0
94.0
83.0
38.0
98.0
10.0
42.0
72.0
52.0
11.0
24.0
-45.0
-22.0
33.0
73.0
30.0
127.0
18.0
135.0
-22.0
77.0
24.0
34.0
124.0
33.0
32.0
-3.0
27.0
37.0
98.0
62.0
31.0
36.0
34.0
11.0
55.0
57.0
14.0
45.0
-22.0
81.0
45.0
89.0
-22.0
12.0
180.0
-66.0
156.0
22.0
-7.0
14.0
33.0
45.0
69.0
23.0
52.0
142.0
-4.0
42.0
59.0
13.0
23.0
3.0
57.0
64.0
87.0
-9.0
60.0
48.0
44.0
-22.0
5.0
32.0
1.0
56.0
157.0
15.0
2.0
-46.0
122.0
65.0
53.0
75.0
1.0
69.0
31.0
10.0
-44.0
24.0
54.0
68.0
71.0
40.0
-2.0
99.0
40.0
83.0
73.0
90.0
9.0
200.0
123.0
-77.0
12.0
16.0
44.0
58.0
36.0
78.0
59.0
111.0
83.0
94.0
27.0
45.0
76.0
20.0
154.0
90.0
111.0
-31.0
47.0
45.0
77.0
24.0
148.0
108.0
13.0
123.0
49.0
69.0
-27.0
11.0
-12.0
38.0
64.0
93.0
82.0
34.0
145.0
-11.0
13.0
-31.0
13.0
-20.0
-13.0
-14.0
167.0
80.0
111.0
144.0
0.0
111.0
28.0
87.0
81.0
73.0
114.0
123.0
105.0
81.0
-35.0
82.0
88.0
44.0
-29.0
-9.0
-8.0
49.0
20.0
81.0
83.0
11.0
-14.0
55.0
46.0
25.0
85.0
16.0
86.0
56.0
31.0
31.0
44.0
57.0
35.0
105.0
-2.0
34.0
37.0
71.0
-23.0
65.0
30.0
66.0
78.0
11.0
46.0
74.0
-12.0
116.0
90.0
42.0
69.0
99.0
9.0
31.0
114.0
105.0
34.0
93.0
13.0
39.0
102.0
88.0
114.0
23.0
158.0
56.0
86.0
89.0
124.0
26.0
81.0
57.0
135.0
112.0
21.0
13.0
102.0
-34.0
17.0
144.0
41.0
66.0
41.0
48.0
91.0
52.0
14.0
126.0
51.0
-25.0
79.0
-34.0
90.0
155.0
59.0
65.0
110.0
23.0
88.0
111.0
65.0
99.0
25.0
72.0
74.0
141.0
113.0
170.0
-55.0
78.0
-35.0
21.0
-46.0
47.0
88.0
144.0
49.0
53.0
101.0
48.0
-1.0
20.0
100.0
45.0
69.0
65.0
39.0
-26.0
-5.0
103.0
74.0
-15.0
21.0
-11.0
71.0
48.0
-44.0
65.0
58.0
-44.0
131.0
48.0
58.0
64.0
-55.0
123.0
56.0
46.0
123.0
88.0
77.0
112.0
48.0
35.0
5.0
16.0
138.0
-26.0
-31.0
100.0
114.0
9.0
17.0
10.0
54.0
81.0
44.0
40.0
34.0
3.0
-8.0
47.0
-20.0
56.0
55.0
16.0
44.0
-42.0
-5.0
10.0
87.0
16.0
112.0
68.0
58.0
10.0
52.0
-15.0
69.0
88.0
73.0
82.0
47.0
63.0
-35.0
99.0
88.0
119.0
153.0
102.0
47.0
77.0
56.0
49.0
101.0
57.0
166.0
69.0
77.0
106.0
75.0
22.0
111.0
115.0
50.0
72.0
48.0
57.0
75.0
47.0
59.0
42.0
119.0
109.0
51.0
102.0
14.0
182.0
98.0
86.0
114.0
65.0
90.0
103.0
62.0
70.0
174.0
104.0
112.0
110.0
97.0
80.0
45.0
81.0
85.0
56.0
67.0
133.0
130.0
80.0
142.0
72.0
18.0
110.0
72.0
110.0
56.0
147.0
33.0
90.0
78.0
82.0
87.0
136.0
86.0
59.0
120.0
89.0
60.0
154.0
123.0
101.0
141.0
108.0
75.0
79.0
23.0
75.0
98.0
33.0
157.0
76.0
65.0
121.0
90.0
144.0
52.0
66.0
101.0
69.0
87.0
69.0
14.0
56.0
110.0
55.0
57.0
111.0
112.0
113.0
41.0
111.0
61.0
68.0
99.0
116.0
89.0
46.0
44.0
64.0
146.0
98.0
108.0
70.0
80.0
133.0
70.0
201.0
118.0
135.0
56.0
123.0
52.0
88.0
90.0
155.0
103.0
89.0
68.0
53.0
82.0
152.0
67.0
110.0
190.0
12.0
-55.0
113.0
15.0
103.0
123.0
77.0
99.0
99.0
204.0
178.0
101.0
120.0
22.0
116.0
32.0
78.0
33.0
56.0
76.0
58.0
139.0
192.0
73.0
130.0
112.0
65.0
78.0
55.0
99.0
112.0
126.0
131.0
56.0
107.0
146.0
130.0
55.0
22.0
116.0
16.0
80.0
78.0
47.0
114.0
100.0
133.0
23.0
22.0
88.0
23.0
65.0
44.0
104.0
56.0
67.0
129.0
88.0
93.0
36.0
65.0
65.0
90.0
87.0
135.0
110.0
69.0
163.0
82.0
0.0
150.0
46.0
80.0
114.0
113.0
112.0
67.0
129.0
111.0
133.0
97.0
88.0
24.0
76.0
71.0
46.0
153.0
39.0
85.0
179.0
169.0
98.0
148.0
87.0
90.0
130.0
124.0
-23.0
83.0
-10.0
66.0
-3.0
214.0
75.0
99.0
78.0
69.0
189.0
76.0
77.0
63.0
43.0
111.0
89.0
14.0
113.0
135.0
145.0
77.0
134.0
33.0
92.0
54.0
114.0
136.0
112.0
63.0
87.0
104.0
21.0
110.0
78.0
97.0
66.0
140.0
77.0
132.0
100.0
146.0
99.0
10.0
31.0
102.0
78.0
57.0
56.0
99.0
77.0
32.0
99.0
66.0
124.0
113.0
67.0
74.0
42.0
100.0
72.0
58.0
110.0
48.0
89.0
80.0
170.0
106.0
155.0
136.0
91.0
76.0
81.0
113.0
77.0
116.0
150.0
108.0
82.0
115.0
101.0
63.0
102.0
147.0
78.0
133.0
133.0
132.0
44.0
64.0
99.0
30.0
101.0
56.0
103.0
44.0
182.0
71.0
43.0
23.0
55.0
65.0
63.0
88.0
46.0
80.0
111.0
115.0
86.0
69.0
151.0
130.0
98.0
35.0
53.0
57.0
133.0
90.0
48.0
113.0
88.0
97.0
87.0
98.0
81.0
146.0
151.0
43.0
109.0
91.0
167.0
51.0
131.0
114.0
53.0
112.0
43.0
42.0
43.0
79.0
20.0
46.0
130.0
117.0
92.0
87.0
54.0
107.0
62.0
145.0
41.0
101.0
147.0
33.0
95.0
145.0
115.0
51.0
77.0
87.0
73.0
80.0
116.0
137.0
43.0
87.0
118.0
57.0
167.0
70.0
49.0
134.0
165.0
63.0
132.0
70.0
81.0
112.0
89.0
57.0
147.0
64.0
84.0
156.0
-9.0
87.0
145.0
84.0
121.0
99.0
68.0
123.0
76.0
81.0
62.0
15.0
167.0
76.0
39.0
146.0
92.0
53.0
110.0
89.0
99.0
76.0
71.0
97.0
44.0
113.0
-29.0
87.0
44.0
67.0
136.0
78.0
98.0
67.0
85.0
164.0
14.0
129.0
100.0
12.0
77.0
134.0
105.0
133.0
22.0
154.0
85.0
68.0
150.0
55.0
135.0
63.0
76.0
129.0
79.0
77.0
142.0
118.0
53.0
91.0
157.0
120.0
48.0
99.0
122.0
77.0
98.0
89.0
24.0
97.0
30.0
56.0
102.0
152.0
88.0
133.0
190.0
55.0
124.0
82.0
59.0
111.0
65.0
74.0
48.0
81.0
156.0
-21.0
96.0
115.0
84.0
88.0
119.0
73.0
96.0
87.0
92.0
88.0
42.0
11.0
59.0
136.0
57.0
146.0
56.0
43.0
113.0
169.0
101.0
115.0
121.0
73.0
177.0
66.0
47.0
202.0
132.0
53.0
85.0
131.0
114.0
110.0
113.0
120.0
182.0
51.0
178.0
142.0
118.0
82.0
64.0
34.0
63.0
56.0
80.0
54.0
90.0
79.0
18.0
110.0
70.0
45.0
-22.0
27.0
119.0
110.0
67.0
100.0
14.0
123.0
25.0
24.0
117.0
112.0
82.0
87.0
149.0
99.0
86.0
133.0
89.0
70.0
97.0
147.0
131.0
101.0
129.0
77.0
134.0
119.0
82.0
52.0
113.0
90.0
38.0
130.0
92.0
83.0
203.0
86.0
75.0
152.0
53.0
37.0
57.0
79.0
134.0
6.0
89.0
90.0
141.0
79.0
109.0
80.0
111.0
91.0
69.0
153.0
81.0
53.0
77.0
78.0
73.0
67.0
82.0
81.0
122.0
68.0
99.0
93.0
53.0
177.0
56.0
89.0
66.0
85.0
66.0
125.0
56.0
45.0
55.0
102.0
154.0
124.0
106.0
119.0
101.0
38.0
201.0
124.0
109.0
123.0
66.0
72.0
121.0
56.0
122.0
77.0
95.0
56.0
70.0
90.0
44.0
67.0
109.0
69.0
67.0
111.0
46.0
-24.0
96.0
97.0
83.0
73.0
137.0
69.0
55.0
89.0
46.0
89.0
70.0
76.0
102.0
89.0
113.0
119.0
53.0
91.0
66.0
109.0
80.0
109.0
130.0
126.0
89.0
-22.0
84.0
67.0
34.0
46.0
116.0
179.0
94.0
82.0
66.0
88.0
86.0
35.0
171.0
3.0
117.0
56.0
69.0
63.0
131.0
112.0
80.0
99.0
55.0
69.0
34.0
35.0
49.0
113.0
58.0
68.0
98.0
55.0
19.0
61.0
110.0
75.0
96.0
111.0
87.0
88.0
78.0
68.0
170.0
112.0
119.0
79.0
-30.0
69.0
40.0
187.0
103.0
35.0
118.0
49.0
100.0
115.0
89.0
200.0
165.0
169.0
143.0
91.0
154.0
52.0
135.0
96.0
168.0
65.0
89.0
76.0
141.0
100.0
134.0
57.0
143.0
144.0
-8.0
155.0
162.0
135.0
38.0
19.0
95.0
58.0
79.0
75.0
69.0
51.0
134.0
123.0
135.0
30.0
77.0
101.0
96.0
114.0
148.0
99.0
87.0
101.0
64.0
55.0
67.0
56.0
75.0
109.0
144.0
98.0
35.0
67.0
82.0
119.0
52.0
66.0
110.0
52.0
103.0
79.0
157.0
97.0
147.0
19.0
34.0
109.0
55.0
52.0
76.0
47.0
129.0
72.0
15.0
97.0
99.0
142.0
136.0
90.0
205.0
91.0
144.0
21.0
82.0
68.0
46.0
97.0
110.0
113.0
163.0
156.0
157.0
66.0
90.0
79.0
74.0
121.0
58.0
55.0
11.0
76.0
55.0
44.0
180.0
100.0
105.0
45.0
146.0
76.0
156.0
43.0
124.0
57.0
97.0
155.0
116.0
23.0
78.0
97.0
175.0
55.0
44.0
84.0
102.0
99.0
85.0
130.0
105.0
56.0
89.0
132.0
99.0
119.0
44.0
78.0
47.0
54.0
56.0
21.0
33.0
64.0
56.0
-18.0
101.0
32.0
147.0
142.0
55.0
136.0
104.0
122.0
111.0
144.0
35.0
104.0
66.0
43.0
76.0
145.0
159.0
-23.0
133.0
56.0
134.0
19.0
80.0
115.0
89.0
124.0
18.0
76.0
158.0
68.0
57.0
113.0
55.0
100.0
81.0
12.0
134.0
164.0
75.0
53.0
68.0
77.0
116.0
81.0
64.0
97.0
56.0
120.0
118.0
49.0
126.0
178.0
117.0
116.0
133.0
55.0
-39.0
133.0
88.0
7.0
88.0
77.0
55.0
97.0
157.0
86.0
121.0
97.0
58.0
89.0
91.0
158.0
115.0
58.0
170.0
157.0
54.0
10.0
81.0
110.0
112.0
153.0
78.0
132.0
81.0
84.0
56.0
76.0
66.0
31.0
46.0
90.0
76.0
87.0
41.0
97.0
99.0
64.0
133.0
100.0
93.0
90.0
112.0
69.0
43.0
103.0
83.0
113.0
133.0
45.0
109.0
66.0
49.0
113.0
166.0
168.0
120.0
121.0
88.0
101.0
155.0
132.0
87.0
87.0
105.0
121.0
32.0
55.0
88.0
103.0
87.0
41.0
115.0
148.0
113.0
78.0
98.0
155.0
81.0
93.0
202.0
83.0
103.0
52.0
131.0
22.0
68.0
54.0
146.0
56.0
109.0
91.0
57.0
121.0
45.0
97.0
109.0
67.0
90.0
102.0
70.0
37.0
109.0
130.0
121.0
130.0
136.0
10.0
126.0
95.0
59.0
57.0
90.0
103.0
154.0
101.0
120.0
144.0
118.0
78.0
123.0
35.0
55.0
33.0
143.0
76.0
131.0
66.0
73.0
120.0
56.0
58.0
97.0
144.0
123.0
32.0
110.0
79.0
154.0
80.0
118.0
120.0
111.0
121.0
76.0
47.0
101.0
98.0
131.0
42.0
43.0
77.0
2.0
97.0
32.0
57.0
87.0
132.0
96.0
100.0
92.0
75.0
97.0
31.0
69.0
146.0
67.0
89.0
45.0
90.0
66.0
156.0
81.0
30.0
88.0
121.0
109.0
85.0
151.0
146.0
16.0
63.0
85.0
154.0
102.0
180.0
67.0
110.0
76.0
104.0
108.0
100.0
88.0
129.0
83.0
82.0
121.0
69.0
93.0
57.0
120.0
109.0
109.0
89.0
122.0
15.0
135.0
47.0
63.0
162.0
21.0
87.0
92.0
55.0
98.0
58.0
112.0
115.0
55.0
154.0
56.0
122.0
14.0
138.0
144.0
146.0
49.0
-23.0
56.0
166.0
78.0
149.0
85.0
37.0
76.0
22.0
130.0
106.0
50.0
99.0
78.0
117.0
123.0
44.0
121.0
69.0
190.0
87.0
23.0
32.0
167.0
154.0
115.0
100.0
88.0
122.0
70.0
189.0
86.0
121.0
111.0
186.0
89.0
101.0
51.0
47.0
100.0
171.0
67.0
133.0
132.0
90.0
112.0
33.0
106.0
11.0
156.0
49.0
55.0
78.0
130.0
-3.0
89.0
141.0
64.0
101.0
56.0
81.0
142.0
142.0
10.0
88.0
180.0
63.0
180.0
144.0
56.0
110.0
167.0
64.0
47.0
72.0
25.0
104.0
92.0
79.0
86.0
204.0
109.0
135.0
76.0
54.0
87.0
66.0
162.0
80.0
67.0
88.0
148.0
82.0
55.0
76.0
42.0
24.0
110.0
56.0
199.0
78.0
22.0
78.0
64.0
23.0
154.0
88.0
98.0
90.0
96.0
99.0
134.0
88.0
67.0
80.0
35.0
45.0
146.0
109.0
97.0
48.0
51.0
47.0
78.0
22.0
42.0
111.0
-20.0
25.0
98.0
66.0
45.0
100.0
120.0
67.0
90.0
45.0
110.0
166.0
202.0
77.0
56.0
44.0
33.0
120.0
164.0
126.0
136.0
65.0
55.0
64.0
82.0
-10.0
64.0
97.0
149.0
44.0
85.0
124.0
97.0
134.0
-17.0
142.0
124.0
66.0
144.0
100.0
97.0
55.0
121.0
187.0
87.0
112.0
157.0
64.0
70.0
81.0
166.0
89.0
12.0
9.0
55.0
65.0
125.0
-1.0
49.0
91.0
143.0
80.0
166.0
89.0
70.0
133.0
133.0
179.0
124.0
48.0
51.0
120.0
40.0
71.0
110.0
43.0
30.0
57.0
81.0
103.0
77.0
98.0
163.0
49.0
131.0
117.0
104.0
24.0
54.0
91.0
89.0
69.0
142.0
134.0
46.0
100.0
90.0
43.0
114.0
46.0
123.0
101.0
80.0
66.0
207.0
12.0
90.0
71.0
36.0
112.0
37.0
86.0
72.0
45.0
132.0
111.0
64.0
10.0
97.0
68.0
70.0
80.0
89.0
4.0
85.0
54.0
177.0
101.0
16.0
123.0
31.0
66.0
66.0
56.0
133.0
67.0
88.0
78.0
107.0
68.0
56.0
73.0
-34.0
68.0
78.0
25.0
51.0
93.0
35.0
77.0
167.0
105.0
67.0
54.0
23.0
120.0
134.0
148.0
74.0
86.0
167.0
175.0
140.0
103.0
87.0
42.0
105.0
179.0
44.0
168.0
21.0
97.0
99.0
69.0
78.0
126.0
91.0
94.0
32.0
67.0
102.0
91.0
90.0
123.0
179.0
57.0
135.0
65.0
1.0
55.0
52.0
57.0
54.0
154.0
113.0
156.0
32.0
101.0
81.0
123.0
143.0
81.0
122.0
109.0
124.0
56.0
67.0
120.0
92.0
134.0
76.0
79.0
121.0
67.0
68.0
123.0
85.0
63.0
147.0
109.0
113.0
167.0
66.0
131.0
115.0
79.0
109.0
70.0
112.0
121.0
203.0
24.0
66.0
3.0
118.0
2.0
50.0
80.0
155.0
66.0
83.0
114.0
101.0
68.0
103.0
35.0
80.0
31.0
33.0
89.0
73.0
123.0
99.0
-3.0
96.0
121.0
77.0
97.0
48.0
121.0
98.0
45.0
161.0
89.0
77.0
91.0
121.0
125.0
109.0
-2.0
143.0
78.0
9.0
65.0
89.0
84.0
100.0
80.0
92.0
95.0
49.0
25.0
51.0
7.0
103.0
68.0
80.0
182.0
46.0
88.0
169.0
75.0
21.0
158.0
9.0
68.0
91.0
104.0
76.0
87.0
44.0
54.0
81.0
97.0
113.0
64.0
88.0
110.0
68.0
64.0
24.0
80.0
124.0
120.0
105.0
55.0
91.0
116.0
78.0
136.0
88.0
47.0
165.0
66.0
42.0
124.0
0.0
100.0
100.0
57.0
110.0
112.0
98.0
96.0
109.0
92.0
19.0
131.0
117.0
75.0
88.0
113.0
134.0
11.0
132.0
78.0
106.0
78.0
87.0
145.0
103.0
48.0
109.0
136.0
145.0
109.0
-10.0
76.0
172.0
105.0
74.0
122.0
90.0
76.0
46.0
146.0
101.0
111.0
129.0
145.0
101.0
156.0
42.0
79.0
24.0
101.0
113.0
58.0
111.0
100.0
143.0
75.0
73.0
44.0
88.0
102.0
22.0
159.0
109.0
98.0
91.0
101.0
121.0
140.0
87.0
134.0
98.0
154.0
151.0
67.0
69.0
57.0
145.0
113.0
12.0
88.0
105.0
114.0
164.0
-3.0
89.0
100.0
10.0
35.0
79.0
25.0
130.0
47.0
79.0
111.0
88.0
1.0
90.0
82.0
81.0
115.0
121.0
88.0
101.0
109.0
136.0
76.0
115.0
118.0
90.0
55.0
139.0
13.0
58.0
133.0
96.0
104.0
153.0
130.0
47.0
77.0
57.0
77.0
98.0
89.0
42.0
34.0
100.0
129.0
166.0
113.0
132.0
133.0
74.0
134.0
63.0
133.0
12.0
90.0
117.0
81.0
22.0
56.0
102.0
56.0
72.0
54.0
110.0
133.0
66.0
79.0
93.0
154.0
50.0
56.0
33.0
107.0
47.0
123.0
146.0
132.0
37.0
166.0
79.0
156.0
65.0
76.0
39.0
55.0
127.0
213.0
88.0
101.0
-12.0
39.0
165.0
75.0
119.0
166.0
88.0
114.0
76.0
9.0
59.0
78.0
122.0
74.0
137.0
43.0
180.0
96.0
53.0
38.0
177.0
101.0
54.0
137.0
43.0
152.0
76.0
82.0
94.0
80.0
24.0
152.0
149.0
54.0
85.0
100.0
122.0
132.0
109.0
134.0
87.0
100.0
116.0
71.0
109.0
131.0
88.0
63.0
34.0
101.0
23.0
177.0
146.0
120.0
58.0
120.0
97.0
169.0
86.0
89.0
88.0
95.0
157.0
67.0
157.0
76.0
132.0
68.0
77.0
56.0
52.0
119.0
72.0
34.0
78.0
34.0
144.0
82.0
23.0
105.0
112.0
-9.0
32.0
138.0
139.0
121.0
82.0
122.0
64.0
55.0
148.0
101.0
144.0
85.0
80.0
121.0
105.0
169.0
65.0
77.0
85.0
88.0
108.0
121.0
34.0
36.0
43.0
119.0
154.0
74.0
90.0
130.0
102.0
110.0
88.0
123.0
216.0
34.0
2.0
64.0
44.0
25.0
82.0
115.0
167.0
102.0
55.0
115.0
57.0
85.0
144.0
106.0
103.0
1.0
61.0
120.0
67.0
90.0
89.0
12.0
45.0
36.0
98.0
45.0
179.0
46.0
149.0
130.0
121.0
47.0
112.0
113.0
36.0
175.0
43.0
58.0
22.0
114.0
68.0
84.0
27.0
48.0
154.0
25.0
49.0
77.0
65.0
79.0
121.0
87.0
109.0
111.0
1.0
42.0
143.0
81.0
111.0
23.0
54.0
78.0
130.0
12.0
115.0
64.0
87.0
155.0
75.0
77.0
56.0
9.0
131.0
119.0
134.0
13.0
116.0
67.0
67.0
59.0
56.0
7.0
88.0
-1.0
109.0
21.0
133.0
66.0
36.0
0.0
1.0
52.0
54.0
96.0
44.0
12.0
45.0
52.0
22.0
32.0
67.0
44.0
35.0
63.0
27.0
90.0
31.0
31.0
22.0
19.0
49.0
46.0
55.0
74.0
94.0
76.0
98.0
34.0
90.0
21.0
51.0
147.0
66.0
45.0
110.0
77.0
166.0
56.0
77.0
82.0
211.0
9.0
87.0
55.0
145.0
18.0
-1.0
121.0
109.0
76.0
85.0
9.0
12.0
100.0
68.0
90.0
42.0
80.0
65.0
0.0
58.0
93.0
164.0
107.0
67.0
18.0
57.0
88.0
108.0
144.0
121.0
134.0
33.0
76.0
76.0
79.0
88.0
123.0
85.0
119.0
99.0
168.0
0.0
120.0
31.0
34.0
87.0
123.0
120.0
88.0
89.0
122.0
112.0
50.0
44.0
-26.0
113.0
130.0
18.0
71.0
157.0
39.0
30.0
81.0
210.0
13.0
43.0
154.0
111.0
60.0
-31.0
103.0
91.0
100.0
101.0
131.0
129.0
163.0
44.0
13.0
56.0
73.0
47.0
47.0
80.0
81.0
96.0
88.0
120.0
109.0
44.0
44.0
2.0
67.0
45.0
64.0
89.0
84.0
43.0
154.0
93.0
69.0
51.0
133.0
32.0
140.0
32.0
176.0
102.0
116.0
2.0
46.0
-1.0
135.0
36.0
97.0
2.0
-33.0
142.0
67.0
21.0
43.0
33.0
111.0
12.0
52.0
78.0
-1.0
36.0
39.0
88.0
163.0
109.0
-11.0
109.0
31.0
56.0
110.0
2.0
63.0
-18.0
13.0
120.0
132.0
111.0
50.0
140.0
75.0
-3.0
75.0
61.0
101.0
121.0
60.0
78.0
44.0
19.0
77.0
39.0
78.0
120.0
52.0
97.0
34.0
66.0
20.0
57.0
77.0
96.0
99.0
-2.0
118.0
63.0
43.0
41.0
79.0
32.0
142.0
123.0
90.0
121.0
128.0
109.0
56.0
18.0
87.0
33.0
87.0
111.0
22.0
56.0
87.0
21.0
99.0
76.0
101.0
99.0
96.0
42.0
103.0
113.0
58.0
96.0
80.0
31.0
68.0
142.0
89.0
10.0
64.0
153.0
67.0
118.0
39.0
20.0
40.0
76.0
31.0
145.0
99.0
76.0
42.0
34.0
55.0
175.0
127.0
107.0
15.0
109.0
46.0
97.0
174.0
35.0
102.0
80.0
90.0
87.0
53.0
15.0
145.0
142.0
77.0
120.0
56.0
13.0
56.0
47.0
48.0
142.0
34.0
87.0
75.0
123.0
66.0
97.0
89.0
56.0
-5.0
110.0
64.0
156.0
81.0
72.0
130.0
88.0
88.0
54.0
48.0
141.0
67.0
88.0
135.0
43.0
68.0
12.0
56.0
30.0
167.0
117.0
109.0
63.0
21.0
79.0
56.0
168.0
119.0
113.0
64.0
102.0
67.0
46.0
77.0
141.0
56.0
132.0
106.0
84.0
10.0
9.0
139.0
-11.0
67.0
9.0
-2.0
121.0
42.0
14.0
49.0
57.0
88.0
121.0
63.0
122.0
64.0
67.0
-2.0
88.0
109.0
105.0
36.0
84.0
80.0
15.0
122.0
133.0
130.0
100.0
80.0
100.0
139.0
44.0
86.0
33.0
181.0
66.0
67.0
111.0
149.0
164.0
53.0
109.0
30.0
129.0
67.0
31.0
154.0
42.0
66.0
75.0
51.0
93.0
75.0
78.0
30.0
46.0
110.0
77.0
47.0
143.0
96.0
45.0
75.0
24.0
156.0
94.0
78.0
99.0
96.0
99.0
101.0
72.0
101.0
79.0
76.0
100.0
89.0
55.0
76.0
44.0
51.0
80.0
86.0
81.0
51.0
90.0
106.0
86.0
113.0
107.0
53.0
90.0
-2.0
-2.0
144.0
73.0
123.0
140.0
101.0
65.0
129.0
66.0
57.0
22.0
99.0
78.0
132.0
48.0
35.0
35.0
39.0
90.0
-11.0
0.0
-66.0
45.0
-57.0
-44.0
68.0
0.0
-198.0
-207.0
60.0
-90.0
-98.0
-86.0
-65.0
-12.0
-9.0
-86.0
10.0
-177.0
-102.0
10.0
-175.0
-39.0
-52.0
15.0
89.0
-21.0
18.0
67.0
13.0
24.0
82.0
65.0
25.0
35.0
-36.0
20.0
7.0
78.0
13.0
60.0
82.0
21.0
25.0
135.0
-8.0
77.0
-23.0
31.0
34.0
44.0
45.0
-55.0
88.0
33.0
-19.0
43.0
-56.0
-42.0
34.0
9.0
37.0
65.0
45.0
77.0
48.0
-9.0
-11.0
44.0
70.0
101.0
65.0
79.0
48.0
-1.0
77.0
-27.0
-12.0
-2.0
-10.0
16.0
-46.0
23.0
10.0
-20.0
100.0
1.0
45.0
105.0
-30.0
23.0
85.0
58.0
12.0
-12.0
0.0
13.0
4.0
44.0
42.0
46.0
77.0
76.0
84.0
50.0
42.0
89.0
23.0
12.0
22.0
112.0
-44.0
-6.0
-3.0
8.0
121.0
23.0
24.0
-4.0
-2.0
48.0
11.0
-30.0
59.0
64.0
-12.0
55.0
42.0
0.0
110.0
-36.0
-45.0
36.0
